1	1
2	2
3	3
4	3
5	3
6	4
7	4
8	4
9	4
10	5
11	4
12	5
13	4
14	5
15	4
16	5
17	5
18	5
19	6
20	5
21	6
22	5
23	6
24	5
25	6
26	5
27	6
28	6
29	5
30	6
31	5
32	6
33	5
34	6
35	6
36	7
37	6
38	7
39	6
40	7
41	6
42	7
43	6
44	7
45	6
46	7
47	6
48	7
49	6
50	7
51	6
52	7
53	6
54	7
55	6
56	6
57	7
58	6
59	7
60	6
61	7
62	6
63	7
64	6
65	7
66	7
67	7
68	7
69	7
70	8
71	8
72	7
73	7
74	8
75	8
76	7
77	7
78	8
79	8
80	7
81	7
82	8
83	8
84	7
85	7
86	8
87	8
88	7
89	8
90	8
91	8
92	7
93	7
94	8
95	8
96	7
97	7
98	8
99	8
100	7
105	7
110	8
115	8
120	7
125	8
130	7
135	9
140	8
145	8
150	9
155	8
160	9
165	8
170	9
175	8
180	9
185	8
190	9
195	9
200	9
205	8
210	9
215	8
220	9
225	8
230	9
235	8
240	9
245	8
250	9
255	8
260	9
265	9
270	9
275	10
280	9
285	10
290	9
295	10
300	9
305	10
310	9
315	9
320	10
325	10
330	9
335	10
340	9
345	10
350	9
355	10
360	9
365	10
370	9
375	10
380	9
385	9
390	10
395	10
400	9
405	9
410	9
415	9
420	9
425	10
430	9
435	9
440	9
445	9
450	9
455	9
460	9
465	9
470	9
475	9
480	9
485	9
490	9
495	9
500	9
505	9
510	9
515	9
520	10
525	10
530	10
535	10
540	10
545	10
550	10
555	10
560	10
565	10
570	10
575	10
580	10
585	11
590	10
595	10
600	10
605	10
610	10
615	10
620	10
625	11
630	10
635	10
640	10
645	10
650	10
655	10
660	10
665	10
670	10
675	10
680	10
685	10
690	10
695	10
700	10
705	10
710	10
715	10
720	10
725	10
730	10
735	11
740	10
745	10
750	10
755	10
760	10
765	10
770	10
775	10
780	10
785	11
790	10
795	10
800	10
805	10
810	10
815	10
820	10
825	11
830	10
835	10
840	10
845	10
850	10
855	10
860	10
865	11
870	11
875	10
880	11
885	10
890	11
895	10
900	11
905	11
910	10
915	10
920	10
925	10
930	10
935	10
940	10
945	11
950	10
955	10
960	10
965	10
970	10
975	10
980	10
985	11
990	10
995	11
1000	10
1200	11
1400	11
1600	12
1800	11
2000	11
2200	13
2400	12
2600	12
2800	12
3000	13
3200	12
3400	12
3600	12
3800	12
4000	12
4200	14
4400	13
4600	13
4800	13
5000	13
5200	13
5400	13
5600	13
5800	14
6000	13
6200	14
6400	13
6600	14
6800	14
7000	14
7200	14
7400	14
7600	13
7800	13
8000	13
8200	13
8400	14
8600	14
8800	15
9000	14
9200	14
9400	14
9600	15
9800	14
10000	15
10200	14
10400	14
10600	14
10800	14
11000	14
11200	14
11400	14
11600	14
11800	14
12000	14
12200	14
12400	14
12600	14
12800	16
13000	14
13200	14
13400	14
13600	14
13800	15
14000	15
14200	14
14400	14
14600	14
14800	15
15000	15
15200	14
15400	14
15600	14
15800	14
16000	14
16200	14
16400	14
16600	15
16800	16
17000	15
17200	15
17400	15
17600	15
17800	15
18000	15
18200	15
18400	15
18600	15
18800	15
19000	15
19200	15
19400	15
19600	15
19800	15
20000	15
20200	15
20400	15
20600	15
20800	15
21000	15
21200	15
21400	15
21600	15
21800	15
22000	16
22200	15
22400	15
22600	15
22800	15
23000	15
23200	15
23400	15
23600	15
23800	16
24000	15
24200	15
24400	15
24600	15
24800	15
25000	16
25200	15
25400	15
25600	15
25800	15
26000	15
26200	15
26400	16
26600	16
26800	15
27000	15
27200	15
27400	15
27600	15
27800	15
28000	15
28200	15
28400	15
28600	15
28800	16
29000	16
29200	15
29400	15
29600	15
29800	16
30000	15
30200	15
30400	15
30600	15
30800	16
31000	15
31200	15
31400	15
31600	15
31800	15
32000	15
32200	15
32400	15
32600	15
32800	15
33000	16
33200	16
33400	16
33600	16
33800	16
34000	16
34200	16
34400	16
34600	17
34800	17
35000	17
35200	16
35400	16
35600	16
35800	16
36000	16
36200	16
36400	16
36600	16
36800	16
37000	16
37200	16
37400	16
37600	16
37800	16
38000	16
38200	17
38400	16
38600	17
38800	17
39000	17
39200	17
39400	16
39600	16
39800	16
40000	16
40200	16
40400	16
40600	16
40800	16
41000	16
41200	16
41400	16
41600	16
41800	16
42000	16
42200	16
42400	16
42600	16
42800	16
43000	16
43200	16
43400	16
43600	16
43800	16
44000	16
44200	16
44400	16
44600	16
44800	16
45000	16
45200	16
45400	16
45600	16
45800	17
46000	16
46200	16
46400	16
46600	16
46800	16
47000	16
47200	16
47400	16
47600	16
47800	16
48000	16
48200	16
48400	16
48600	16
48800	16
49000	16
49200	16
49400	17
49600	16
49800	16
50000	17
50200	16
50400	17
50600	16
50800	16
51000	16
51200	16
51400	16
51600	16
51800	16
52000	16
52200	16
52400	16
52600	16
52800	17
53000	17
53200	16
53400	17
53600	16
53800	17
54000	17
54200	17
54400	17
54600	17
54800	16
55000	17
55200	16
55400	16
55600	17
55800	17
56000	16
56200	16
56400	16
56600	16
56800	16
57000	16
57200	16
57400	16
57600	16
57800	17
58000	17
58200	16
58400	16
58600	16
58800	16
59000	16
59200	17
59400	16
59600	16
59800	17
60000	16
60200	16
60400	16
60600	16
60800	16
61000	16
61200	16
61400	16
61600	16
61800	16
62000	16
62200	17
62400	16
62600	16
62800	16
63000	16
63200	16
63400	16
63600	17
63800	16
64000	16
64200	16
64400	16
64600	17
64800	16
65000	17
65200	17
65400	17
65600	16
65800	16
66000	16
66200	17
66400	17
66600	17
66800	18
67000	17
67200	17
67400	18
67600	18
67800	17
68000	17
68200	17
68400	17
68600	17
68800	17
69000	17
69200	18
69400	17
69600	17
69800	17
70000	17
70200	17
70400	17
70600	17
70800	17
71000	17
71200	17
71400	17
71600	17
71800	17
72000	18
72200	17
72400	18
72600	17
72800	17
73000	17
73200	17
73400	17
73600	17
73800	17
74000	17
74200	17
74400	17
74600	17
74800	17
75000	17
75200	17
75400	17
75600	17
75800	17
76000	17
76200	17
76400	17
76600	17
76800	17
77000	17
77200	17
77400	17
77600	17
77800	17
78000	17
78200	17
78400	17
78600	17
78800	17
79000	17
79200	17
79400	17
79600	17
79800	17
80000	17
80200	17
80400	17
80600	18
80800	17
81000	17
81200	17
81400	17
81600	17
81800	17
82000	17
82200	17
82400	17
82600	17
82800	17
83000	17
83200	17
83400	17
83600	17
83800	18
84000	18
84200	17
84400	17
84600	17
84800	17
85000	17
85200	17
85400	17
85600	17
85800	17
86000	17
86200	17
86400	18
86600	17
86800	17
87000	18
87200	18
87400	18
87600	18
87800	17
88000	17
88200	17
88400	17
88600	17
88800	17
89000	17
89200	17
89400	17
89600	17
89800	18
90000	17
90200	17
90400	18
90600	18
90800	17
91000	17
91200	17
91400	17
91600	17
91800	17
92000	17
92200	17
92400	18
92600	17
92800	17
93000	17
93200	17
93400	17
93600	17
93800	17
94000	18
94200	17
94400	17
94600	17
94800	17
95000	17
95200	17
95400	17
95600	18
95800	17
96000	18
96200	18
96400	18
96600	17
96800	17
97000	17
97200	17
97400	17
97600	17
97800	17
98000	17
98200	18
98400	17
98600	17
98800	17
99000	17
99200	17
99400	17
99600	17
99800	17
100000	17
100200	18
100400	18
100600	18
100800	18
101000	18
101200	18
101400	18
101600	19
101800	18
102000	18
102200	18
102400	18
102600	18
102800	18
103000	19
103200	18
103400	18
103600	18
103800	18
104000	18
104200	18
104400	18
104600	18
104800	18
105000	18
105200	18
105400	18
105600	18
105800	18
106000	18
106200	18
106400	18
106600	18
106800	18
107000	18
107200	18
107400	18
107600	18
107800	18
108000	18
108200	18
108400	18
108600	18
108800	18
109000	18
109200	18
109400	18
109600	18
109800	18
110000	18
110200	18
110400	18
110600	18
110800	18
111000	18
111200	18
111400	18
111600	18
111800	18
112000	18
112200	18
112400	18
112600	18
112800	19
113000	18
113200	18
113400	19
113600	18
113800	18
114000	18
114200	18
114400	18
114600	18
114800	18
115000	18
115200	18
115400	18
115600	18
115800	18
116000	18
116200	18
116400	18
116600	18
116800	18
117000	18
117200	18
117400	18
117600	18
117800	18
118000	18
118200	18
118400	18
118600	18
118800	18
119000	18
119200	18
119400	18
119600	18
119800	18
120000	18
120200	18
120400	18
120600	18
120800	18
121000	18
121200	18
121400	18
121600	18
121800	18
122000	18
122200	18
122400	18
122600	18
122800	18
123000	18
123200	18
123400	18
123600	18
123800	18
124000	18
124200	18
124400	18
124600	18
124800	18
125000	18
125200	18
125400	18
125600	18
125800	18
126000	18
126200	18
126400	18
126600	18
126800	18
127000	18
127200	18
127400	18
127600	18
127800	18
128000	18
128200	18
128400	18
128600	18
128800	18
129000	19
129200	18
129400	18
129600	18
129800	18
130000	18
130200	18
130400	18
130600	18
130800	18
131000	18
131200	18
131400	18
131600	18
131800	18
132000	18
132200	18
132400	18
132600	18
132800	18
133000	18
133200	18
133400	18
133600	18
133800	18
134000	18
134200	18
134400	18
134600	18
134800	18
135000	18
135200	18
135400	18
135600	18
135800	18
136000	18
136200	18
136400	18
136600	18
136800	18
137000	18
137200	18
137400	18
137600	18
137800	18
138000	18
138200	18
138400	18
138600	18
138800	18
139000	18
139200	18
139400	18
139600	18
139800	18
140000	18
140200	18
140400	18
140600	18
140800	18
141000	18
141200	18
141400	18
141600	18
141800	18
142000	18
142200	18
142400	18
142600	18
142800	18
143000	18
143200	18
143400	18
143600	18
143800	18
144000	18
144200	18
144400	18
144600	18
144800	18
145000	18
145200	18
145400	18
145600	18
145800	19
146000	18
146200	18
146400	19
146600	18
146800	18
147000	18
147200	18
147400	18
147600	18
147800	18
148000	18
148200	18
148400	18
148600	18
148800	18
149000	18
149200	18
149400	18
149600	18
149800	18
150000	18
150200	18
150400	18
150600	18
150800	18
151000	18
151200	18
151400	18
151600	18
151800	18
152000	18
152200	18
152400	18
152600	18
152800	18
153000	18
153200	18
153400	18
153600	18
153800	18
154000	18
154200	18
154400	18
154600	18
154800	18
155000	19
155200	18
155400	18
155600	18
155800	18
156000	18
156200	18
156400	18
156600	18
156800	18
157000	18
157200	18
157400	18
157600	18
157800	18
158000	18
158200	18
158400	18
158600	18
158800	18
159000	18
159200	18
159400	18
159600	18
159800	18
160000	18
160200	18
160400	18
160600	18
160800	18
161000	18
161200	18
161400	18
161600	18
161800	18
162000	18
162200	18
162400	18
162600	18
162800	18
163000	18
163200	18
163400	18
163600	18
163800	18
164000	18
164200	18
164400	18
164600	18
164800	18
165000	18
165200	19
165400	19
165600	18
165800	18
166000	18
166200	18
166400	18
166600	18
166800	18
167000	18
167200	18
167400	18
167600	18
167800	18
168000	18
168200	18
168400	18
168600	18
168800	18
169000	18
169200	18
169400	18
169600	18
169800	18
170000	18
170200	18
170400	18
170600	18
170800	18
171000	18
171200	18
171400	18
171600	18
171800	18
172000	18
172200	18
172400	18
172600	18
172800	18
173000	18
173200	18
173400	18
173600	18
173800	18
174000	18
174200	18
174400	18
174600	18
174800	18
175000	18
175200	18
175400	18
175600	18
175800	18
176000	18
176200	18
176400	18
176600	18
176800	18
177000	18
177200	18
177400	18
177600	18
177800	18
178000	18
178200	18
178400	18
178600	18
178800	18
179000	18
179200	18
179400	18
179600	18
179800	18
180000	18
180200	18
180400	18
180600	18
180800	18
181000	18
181200	18
181400	18
181600	18
181800	18
182000	18
182200	18
182400	18
182600	18
182800	18
183000	18
183200	18
183400	18
183600	18
183800	18
184000	19
184200	18
184400	18
184600	18
184800	18
185000	18
185200	18
185400	18
185600	18
185800	18
186000	18
186200	18
186400	18
186600	18
186800	18
187000	18
187200	18
187400	18
187600	19
187800	18
188000	18
188200	18
188400	18
188600	18
188800	18
189000	18
189200	18
189400	18
189600	18
189800	19
190000	18
190200	18
190400	18
190600	18
190800	18
191000	18
191200	18
191400	18
191600	18
191800	18
192000	18
192200	18
192400	19
192600	18
192800	18
193000	18
193200	18
193400	18
193600	18
193800	18
194000	18
194200	18
194400	18
194600	18
194800	18
195000	18
195200	18
195400	18
195600	19
195800	18
196000	18
196200	18
196400	18
196600	18
196800	18
197000	18
197200	18
197400	18
197600	18
197800	18
198000	18
198200	19
198400	19
198600	19
198800	18
199000	18
199200	18
199400	18
199600	19
199800	19
200000	18
200200	19
200400	19
200600	19
200800	19
201000	19
201200	19
201400	19
201600	19
201800	19
202000	19
202200	19
202400	19
202600	19
202800	19
203000	19
203200	19
203400	19
203600	19
203800	19
204000	19
204200	19
204400	19
204600	19
204800	19
205000	19
205200	19
205400	19
205600	19
205800	19
206000	19
206200	19
206400	19
206600	19
206800	19
207000	19
207200	19
207400	19
207600	19
207800	19
208000	19
208200	19
208400	19
208600	19
208800	19
209000	19
209200	19
209400	19
209600	19
209800	19
210000	19
210200	19
210400	19
210600	19
210800	19
211000	19
211200	19
211400	19
211600	19
211800	19
212000	19
212200	19
212400	19
212600	19
212800	19
213000	19
213200	19
213400	20
213600	19
213800	19
214000	19
214200	19
214400	19
214600	19
214800	19
215000	19
215200	19
215400	19
215600	19
215800	19
216000	19
216200	19
216400	19
216600	19
216800	19
217000	19
217200	19
217400	19
217600	19
217800	19
218000	19
218200	19
218400	19
218600	19
218800	19
219000	19
219200	19
219400	19
219600	19
219800	19
220000	19
220200	19
220400	19
220600	19
220800	19
221000	19
221200	19
221400	20
221600	19
221800	19
222000	19
222200	19
222400	19
222600	19
222800	19
223000	19
223200	19
223400	19
223600	19
223800	19
224000	19
224200	19
224400	19
224600	19
224800	19
225000	20
225200	19
225400	19
225600	19
225800	19
226000	19
226200	19
226400	19
226600	19
226800	19
227000	19
227200	19
227400	19
227600	19
227800	19
228000	19
228200	19
228400	19
228600	19
228800	19
229000	20
229200	19
229400	19
229600	19
229800	19
230000	19
230200	19
230400	19
230600	19
230800	19
231000	19
231200	19
231400	19
231600	19
231800	19
232000	19
232200	19
232400	19
232600	19
232800	19
233000	19
233200	18
233400	18
233600	18
233800	18
234000	18
234200	18
234400	18
234600	18
234800	18
235000	18
235200	18
235400	18
235600	18
235800	18
236000	18
236200	18
236400	18
236600	18
236800	18
237000	18
237200	18
237400	18
237600	18
237800	18
238000	18
238200	18
238400	18
238600	18
238800	18
239000	18
239200	18
239400	18
239600	18
239800	18
240000	18
240200	18
240400	18
240600	18
240800	18
241000	18
241200	18
241400	18
241600	18
241800	18
242000	18
242200	18
242400	18
242600	18
242800	18
243000	18
243200	18
243400	18
243600	18
243800	18
244000	18
244200	18
244400	18
244600	18
244800	18
245000	18
245200	18
245400	18
245600	18
245800	18
246000	18
246200	18
246400	18
246600	18
246800	18
247000	18
247200	18
247400	18
247600	18
247800	18
248000	18
248200	18
248400	18
248600	18
248800	18
249000	18
249200	18
249400	18
249600	19
249800	19
250000	19
250200	19
250400	19
250600	19
250800	19
251000	19
251200	19
251400	19
251600	19
251800	19
252000	19
252200	19
252400	19
252600	19
252800	19
253000	19
253200	19
253400	19
253600	19
253800	19
254000	19
254200	19
254400	19
254600	19
254800	19
255000	19
255200	19
255400	19
255600	19
255800	19
256000	19
256200	19
256400	19
256600	19
256800	19
257000	19
257200	19
257400	19
257600	19
257800	19
258000	19
258200	19
258400	19
258600	19
258800	19
259000	19
259200	19
259400	19
259600	19
259800	19
260000	19
260200	19
260400	19
260600	19
260800	19
261000	19
261200	19
261400	19
261600	19
261800	19
262000	19
262200	19
262400	19
262600	19
262800	19
263000	19
263200	19
263400	19
263600	19
263800	19
264000	19
264200	19
264400	19
264600	19
264800	19
265000	19
265200	20
265400	19
265600	19
265800	19
266000	19
266200	19
266400	19
266600	19
266800	19
267000	19
267200	19
267400	19
267600	19
267800	19
268000	19
268200	19
268400	19
268600	19
268800	19
269000	19
269200	19
269400	19
269600	19
269800	19
270000	19
270200	19
270400	19
270600	19
270800	19
271000	19
271200	19
271400	19
271600	19
271800	19
272000	19
272200	19
272400	19
272600	19
272800	19
273000	19
273200	19
273400	19
273600	19
273800	19
274000	19
274200	19
274400	19
274600	19
274800	19
275000	19
275200	19
275400	19
275600	19
275800	19
276000	19
276200	19
276400	19
276600	19
276800	19
277000	19
277200	19
277400	19
277600	19
277800	19
278000	19
278200	19
278400	19
278600	20
278800	19
279000	19
279200	19
279400	19
279600	19
279800	19
280000	19
280200	19
280400	19
280600	19
280800	19
281000	19
281200	19
281400	19
281600	19
281800	19
282000	19
282200	19
282400	19
282600	19
282800	18
283000	18
283200	18
283400	18
283600	18
283800	18
284000	18
284200	18
284400	18
284600	18
284800	19
285000	18
285200	18
285400	18
285600	18
285800	18
286000	18
286200	18
286400	18
286600	18
286800	18
287000	18
287200	18
287400	18
287600	18
287800	18
288000	18
288200	18
288400	18
288600	18
288800	18
289000	18
289200	18
289400	18
289600	18
289800	18
290000	18
290200	18
290400	18
290600	18
290800	18
291000	18
291200	18
291400	18
291600	18
291800	18
292000	18
292200	18
292400	18
292600	18
292800	18
293000	18
293200	18
293400	18
293600	18
293800	18
294000	18
294200	18
294400	18
294600	19
294800	18
295000	18
295200	18
295400	18
295600	18
295800	18
296000	18
296200	18
296400	18
296600	18
296800	18
297000	18
297200	18
297400	18
297600	18
297800	18
298000	18
298200	19
298400	19
298600	19
298800	19
299000	19
299200	19
299400	18
299600	19
299800	19
300000	18
300200	19
300400	19
300600	19
300800	19
301000	19
301200	19
301400	19
301600	20
301800	19
302000	19
302200	19
302400	20
302600	19
302800	19
303000	20
303200	19
303400	19
303600	19
303800	19
304000	19
304200	19
304400	19
304600	19
304800	19
305000	19
305200	19
305400	19
305600	19
305800	19
306000	19
306200	19
306400	19
306600	19
306800	19
307000	19
307200	19
307400	19
307600	19
307800	19
308000	19
308200	19
308400	19
308600	19
308800	19
309000	19
309200	19
309400	19
309600	19
309800	19
310000	19
310200	19
310400	19
310600	19
310800	19
311000	19
311200	19
311400	19
311600	19
311800	19
312000	19
312200	19
312400	19
312600	19
312800	20
313000	19
313200	19
313400	20
313600	19
313800	19
314000	19
314200	19
314400	19
314600	19
314800	19
315000	19
315200	19
315400	19
315600	19
315800	19
316000	19
316200	19
316400	19
316600	19
316800	19
317000	19
317200	19
317400	19
317600	19
317800	19
318000	19
318200	19
318400	19
318600	19
318800	19
319000	19
319200	19
319400	19
319600	19
319800	19
320000	19
320200	19
320400	19
320600	19
320800	19
321000	19
321200	19
321400	20
321600	19
321800	19
322000	19
322200	19
322400	19
322600	19
322800	19
323000	19
323200	19
323400	19
323600	19
323800	19
324000	19
324200	19
324400	19
324600	19
324800	19
325000	20
325200	19
325400	19
325600	19
325800	19
326000	19
326200	19
326400	19
326600	19
326800	19
327000	19
327200	19
327400	19
327600	19
327800	19
328000	19
328200	19
328400	19
328600	19
328800	19
329000	20
329200	19
329400	19
329600	19
329800	19
330000	19
330200	19
330400	19
330600	19
330800	19
331000	19
331200	19
331400	19
331600	19
331800	19
332000	19
332200	19
332400	19
332600	19
332800	19
333000	19
333200	19
333400	19
333600	19
333800	19
334000	19
334200	19
334400	19
334600	19
334800	19
335000	19
335200	19
335400	19
335600	19
335800	19
336000	19
336200	19
336400	19
336600	19
336800	19
337000	19
337200	19
337400	19
337600	19
337800	19
338000	19
338200	19
338400	19
338600	19
338800	19
339000	19
339200	19
339400	19
339600	19
339800	19
340000	19
340200	19
340400	19
340600	19
340800	19
341000	19
341200	19
341400	19
341600	19
341800	19
342000	19
342200	19
342400	19
342600	19
342800	19
343000	19
343200	19
343400	19
343600	19
343800	19
344000	19
344200	19
344400	19
344600	19
344800	19
345000	19
345200	19
345400	19
345600	19
345800	19
346000	19
346200	19
346400	20
346600	19
346800	19
347000	19
347200	19
347400	19
347600	19
347800	19
348000	19
348200	19
348400	19
348600	19
348800	19
349000	19
349200	19
349400	19
349600	19
349800	19
350000	19
350200	19
350400	19
350600	19
350800	19
351000	19
351200	19
351400	19
351600	19
351800	19
352000	19
352200	19
352400	19
352600	19
352800	19
353000	19
353200	19
353400	19
353600	19
353800	19
354000	19
354200	19
354400	19
354600	19
354800	19
355000	20
355200	19
355400	19
355600	19
355800	19
356000	19
356200	19
356400	19
356600	19
356800	19
357000	19
357200	19
357400	19
357600	19
357800	19
358000	19
358200	19
358400	19
358600	19
358800	19
359000	19
359200	19
359400	19
359600	19
359800	19
360000	19
360200	19
360400	19
360600	19
360800	19
361000	19
361200	19
361400	19
361600	19
361800	19
362000	19
362200	19
362400	19
362600	19
362800	19
363000	19
363200	19
363400	19
363600	19
363800	19
364000	19
364200	19
364400	19
364600	19
364800	19
365000	19
365200	20
365400	20
365600	19
365800	19
366000	19
366200	19
366400	19
366600	19
366800	19
367000	19
367200	19
367400	19
367600	19
367800	19
368000	19
368200	19
368400	19
368600	19
368800	19
369000	19
369200	19
369400	19
369600	19
369800	19
370000	19
370200	19
370400	19
370600	19
370800	19
371000	19
371200	19
371400	19
371600	19
371800	19
372000	19
372200	19
372400	19
372600	19
372800	19
373000	19
373200	19
373400	19
373600	19
373800	19
374000	19
374200	19
374400	19
374600	19
374800	19
375000	19
375200	19
375400	19
375600	19
375800	19
376000	19
376200	19
376400	19
376600	19
376800	19
377000	19
377200	19
377400	19
377600	19
377800	19
378000	19
378200	19
378400	19
378600	20
378800	19
379000	19
379200	19
379400	19
379600	19
379800	19
380000	19
380200	19
380400	19
380600	19
380800	19
381000	19
381200	19
381400	19
381600	19
381800	19
382000	19
382200	19
382400	19
382600	19
382800	19
383000	19
383200	19
383400	19
383600	19
383800	19
384000	20
384200	19
384400	19
384600	19
384800	20
385000	19
385200	19
385400	19
385600	19
385800	19
386000	19
386200	19
386400	19
386600	19
386800	19
387000	19
387200	19
387400	19
387600	20
387800	19
388000	19
388200	19
388400	19
388600	19
388800	19
389000	19
389200	19
389400	19
389600	19
389800	20
390000	19
390200	19
390400	19
390600	19
390800	19
391000	19
391200	19
391400	19
391600	19
391800	19
392000	19
392200	19
392400	20
392600	19
392800	19
393000	19
393200	19
393400	19
393600	19
393800	19
394000	19
394200	19
394400	19
394600	20
394800	19
395000	19
395200	19
395400	19
395600	20
395800	19
396000	19
396200	19
396400	19
396600	19
396800	19
397000	19
397200	19
397400	19
397600	19
397800	19
398000	19
398200	20
398400	20
398600	20
398800	19
399000	19
399200	19
399400	19
399600	20
399800	20
400000	19
400200	25
400400	24
400600	24
400800	23
401000	23
401200	23
401400	23
401600	22
401800	22
402000	22
402200	22
402400	22
402600	22
402800	22
403000	22
403200	21
403400	21
403600	21
403800	21
404000	21
404200	21
404400	21
404600	21
404800	21
405000	21
405200	21
405400	21
405600	21
405800	21
406000	21
406200	20
406400	20
406600	20
406800	20
407000	20
407200	20
407400	20
407600	20
407800	20
408000	20
408200	20
408400	20
408600	20
408800	20
409000	20
409200	20
409400	20
409600	20
409800	20
410000	20
410200	20
410400	20
410600	20
410800	20
411000	20
411200	20
411400	20
411600	20
411800	20
412000	20
412200	20
412400	20
412600	19
412800	19
413000	19
413200	19
413400	20
413600	19
413800	19
414000	19
414200	19
414400	19
414600	19
414800	19
415000	19
415200	19
415400	19
415600	19
415800	19
416000	19
416200	19
416400	19
416600	19
416800	19
417000	19
417200	19
417400	19
417600	19
417800	19
418000	19
418200	19
418400	19
418600	19
418800	19
419000	19
419200	19
419400	19
419600	19
419800	19
420000	19
420200	19
420400	19
420600	19
420800	19
421000	19
421200	19
421400	20
421600	19
421800	19
422000	19
422200	19
422400	19
422600	19
422800	19
423000	19
423200	19
423400	19
423600	19
423800	19
424000	19
424200	19
424400	19
424600	19
424800	19
425000	21
425200	20
425400	20
425600	20
425800	20
426000	20
426200	20
426400	20
426600	20
426800	20
427000	20
427200	20
427400	20
427600	20
427800	20
428000	20
428200	20
428400	20
428600	20
428800	20
429000	21
429200	20
429400	20
429600	20
429800	20
430000	20
430200	20
430400	20
430600	20
430800	20
431000	20
431200	20
431400	20
431600	20
431800	20
432000	20
432200	20
432400	20
432600	20
432800	20
433000	20
433200	20
433400	20
433600	20
433800	20
434000	20
434200	20
434400	20
434600	20
434800	20
435000	20
435200	20
435400	20
435600	20
435800	20
436000	20
436200	20
436400	20
436600	20
436800	20
437000	20
437200	20
437400	20
437600	20
437800	20
438000	20
438200	20
438400	20
438600	20
438800	20
439000	20
439200	20
439400	20
439600	20
439800	20
440000	20
440200	20
440400	20
440600	20
440800	20
441000	20
441200	20
441400	19
441600	19
441800	19
442000	19
442200	19
442400	19
442600	19
442800	19
443000	19
443200	19
443400	19
443600	19
443800	19
444000	19
444200	19
444400	19
444600	19
444800	19
445000	19
445200	19
445400	19
445600	19
445800	19
446000	19
446200	19
446400	19
446600	19
446800	19
447000	19
447200	19
447400	19
447600	19
447800	19
448000	19
448200	19
448400	19
448600	19
448800	19
449000	19
449200	19
449400	19
449600	20
449800	20
450000	20
450200	20
450400	20
450600	20
450800	20
451000	20
451200	20
451400	20
451600	20
451800	20
452000	20
452200	20
452400	20
452600	20
452800	20
453000	20
453200	20
453400	20
453600	20
453800	20
454000	20
454200	20
454400	20
454600	20
454800	20
455000	20
455200	20
455400	20
455600	20
455800	20
456000	20
456200	20
456400	20
456600	20
456800	20
457000	20
457200	20
457400	20
457600	20
457800	20
458000	20
458200	20
458400	20
458600	20
458800	20
459000	20
459200	20
459400	20
459600	20
459800	20
460000	20
460200	20
460400	20
460600	20
460800	20
461000	20
461200	20
461400	20
461600	20
461800	20
462000	20
462200	20
462400	20
462600	20
462800	20
463000	20
463200	20
463400	20
463600	20
463800	20
464000	20
464200	20
464400	20
464600	20
464800	20
465000	20
465200	21
465400	20
465600	20
465800	20
466000	20
466200	20
466400	20
466600	20
466800	20
467000	20
467200	20
467400	20
467600	20
467800	20
468000	20
468200	20
468400	20
468600	20
468800	20
469000	20
469200	20
469400	20
469600	20
469800	20
470000	20
470200	20
470400	20
470600	20
470800	20
471000	20
471200	20
471400	20
471600	20
471800	20
472000	20
472200	20
472400	20
472600	20
472800	20
473000	20
473200	20
473400	20
473600	20
473800	20
474000	20
474200	20
474400	20
474600	20
474800	20
475000	20
475200	20
475400	20
475600	20
475800	20
476000	20
476200	20
476400	20
476600	20
476800	20
477000	20
477200	20
477400	20
477600	20
477800	20
478000	20
478200	20
478400	20
478600	21
478800	20
479000	20
479200	20
479400	20
479600	20
479800	20
480000	20
480200	20
480400	20
480600	20
480800	20
481000	20
481200	20
481400	20
481600	20
481800	20
482000	20
482200	20
482400	20
482600	20
482800	19
483000	19
483200	19
483400	19
483600	19
483800	19
484000	19
484200	19
484400	19
484600	19
484800	20
485000	19
485200	19
485400	19
485600	19
485800	19
486000	19
486200	19
486400	19
486600	19
486800	19
487000	19
487200	19
487400	19
487600	19
487800	19
488000	19
488200	19
488400	19
488600	19
488800	19
489000	19
489200	19
489400	19
489600	19
489800	19
490000	19
490200	19
490400	19
490600	19
490800	19
491000	19
491200	19
491400	19
491600	19
491800	19
492000	19
492200	19
492400	19
492600	19
492800	19
493000	19
493200	19
493400	19
493600	19
493800	19
494000	19
494200	19
494400	19
494600	20
494800	19
495000	19
495200	19
495400	19
495600	19
495800	19
496000	19
496200	19
496400	19
496600	19
496800	19
497000	19
497200	19
497400	19
497600	19
497800	19
498000	19
498200	20
498400	20
498600	20
498800	20
499000	20
499200	20
499400	19
499600	20
499800	20
500000	19
500200	25
500400	24
500600	24
500800	23
501000	23
501200	23
501400	23
501600	22
501800	22
502000	22
502200	22
502400	22
502600	22
502800	22
503000	22
503200	21
503400	21
503600	21
503800	21
504000	21
504200	21
504400	21
504600	21
504800	21
505000	21
505200	21
505400	21
505600	21
505800	21
506000	21
506200	20
506400	20
506600	20
506800	20
507000	20
507200	20
507400	20
507600	20
507800	20
508000	20
508200	20
508400	20
508600	20
508800	20
509000	20
509200	20
509400	20
509600	20
509800	20
510000	20
510200	20
510400	20
510600	20
510800	20
511000	20
511200	20
511400	20
511600	20
511800	20
512000	20
512200	20
512400	20
512600	19
512800	19
513000	19
513200	19
513400	20
513600	19
513800	19
514000	19
514200	19
514400	19
514600	19
514800	19
515000	19
515200	19
515400	19
515600	19
515800	19
516000	19
516200	19
516400	19
516600	19
516800	19
517000	19
517200	19
517400	19
517600	19
517800	19
518000	19
518200	19
518400	19
518600	19
518800	19
519000	19
519200	19
519400	19
519600	19
519800	19
520000	19
520200	19
520400	19
520600	19
520800	19
521000	19
521200	19
521400	20
521600	19
521800	19
522000	19
522200	19
522400	19
522600	19
522800	19
523000	19
523200	19
523400	19
523600	19
523800	19
524000	19
524200	19
524400	19
524600	19
524800	19
525000	21
525200	20
525400	20
525600	20
525800	20
526000	20
526200	20
526400	20
526600	20
526800	20
527000	20
527200	20
527400	20
527600	20
527800	20
528000	20
528200	20
528400	20
528600	20
528800	20
529000	21
529200	20
529400	20
529600	20
529800	20
530000	20
530200	20
530400	20
530600	20
530800	20
531000	20
531200	20
531400	20
531600	20
531800	20
532000	20
532200	20
532400	20
532600	20
532800	20
533000	20
533200	20
533400	20
533600	20
533800	20
534000	20
534200	20
534400	20
534600	20
534800	20
535000	20
535200	20
535400	20
535600	20
535800	20
536000	20
536200	20
536400	20
536600	20
536800	20
537000	20
537200	20
537400	20
537600	20
537800	20
538000	20
538200	20
538400	20
538600	20
538800	20
539000	20
539200	20
539400	20
539600	20
539800	20
540000	20
540200	20
540400	20
540600	20
540800	20
541000	20
541200	20
541400	19
541600	19
541800	19
542000	19
542200	19
542400	19
542600	19
542800	19
543000	19
543200	19
543400	19
543600	19
543800	19
544000	19
544200	19
544400	19
544600	19
544800	19
545000	19
545200	19
545400	19
545600	19
545800	19
546000	19
546200	19
546400	19
546600	19
546800	19
547000	19
547200	19
547400	19
547600	19
547800	19
548000	19
548200	19
548400	19
548600	19
548800	19
549000	19
549200	19
549400	19
549600	20
549800	20
550000	20
550200	20
550400	20
550600	20
550800	20
551000	20
551200	20
551400	20
551600	20
551800	20
552000	20
552200	20
552400	20
552600	20
552800	20
553000	20
553200	20
553400	20
553600	20
553800	20
554000	20
554200	20
554400	20
554600	20
554800	20
555000	20
555200	20
555400	20
555600	20
555800	20
556000	20
556200	20
556400	20
556600	20
556800	20
557000	20
557200	20
557400	20
557600	20
557800	20
558000	20
558200	20
558400	20
558600	20
558800	20
559000	20
559200	20
559400	20
559600	20
559800	20
560000	20
560200	20
560400	20
560600	20
560800	20
561000	20
561200	20
561400	20
561600	20
561800	20
562000	20
562200	20
562400	20
562600	20
562800	20
563000	20
563200	20
563400	20
563600	20
563800	20
564000	20
564200	20
564400	20
564600	20
564800	20
565000	20
565200	21
565400	20
565600	20
565800	20
566000	20
566200	20
566400	20
566600	20
566800	20
567000	20
567200	20
567400	20
567600	20
567800	20
568000	20
568200	20
568400	20
568600	20
568800	20
569000	20
569200	20
569400	20
569600	20
569800	20
570000	20
570200	20
570400	20
570600	20
570800	20
571000	20
571200	20
571400	20
571600	20
571800	20
572000	20
572200	20
572400	20
572600	20
572800	20
573000	20
573200	20
573400	20
573600	20
573800	20
574000	20
574200	20
574400	20
574600	20
574800	20
575000	20
575200	20
575400	20
575600	20
575800	20
576000	20
576200	20
576400	20
576600	20
576800	20
577000	20
577200	20
577400	20
577600	20
577800	20
578000	20
578200	20
578400	20
578600	21
578800	20
579000	20
579200	20
579400	20
579600	20
579800	20
580000	20
580200	20
580400	20
580600	20
580800	20
581000	20
581200	20
581400	20
581600	20
581800	20
582000	20
582200	20
582400	20
582600	20
582800	19
583000	19
583200	19
583400	19
583600	19
583800	19
584000	19
584200	19
584400	19
584600	19
584800	20
585000	19
585200	19
585400	19
585600	19
585800	19
586000	19
586200	19
586400	19
586600	19
586800	19
587000	19
587200	19
587400	19
587600	19
587800	19
588000	19
588200	19
588400	19
588600	19
588800	19
589000	19
589200	19
589400	19
589600	19
589800	19
590000	19
590200	19
590400	19
590600	19
590800	19
591000	19
591200	19
591400	19
591600	19
591800	19
592000	19
592200	19
592400	19
592600	19
592800	19
593000	19
593200	19
593400	19
593600	19
593800	19
594000	19
594200	19
594400	19
594600	20
594800	19
595000	19
595200	19
595400	19
595600	19
595800	19
596000	19
596200	19
596400	19
596600	19
596800	19
597000	19
597200	19
597400	19
597600	19
597800	19
598000	19
598200	20
598400	20
598600	20
598800	20
599000	20
599200	20
599400	19
599600	20
599800	20
600000	19
600200	20
600400	20
600600	20
600800	20
601000	20
601200	20
601400	20
601600	20
601800	20
602000	20
602200	20
602400	20
602600	20
602800	20
603000	20
603200	20
603400	20
603600	20
603800	20
604000	20
604200	20
604400	20
604600	20
604800	20
605000	20
605200	20
605400	20
605600	20
605800	20
606000	20
606200	20
606400	20
606600	20
606800	20
607000	20
607200	20
607400	20
607600	20
607800	20
608000	20
608200	20
608400	20
608600	20
608800	20
609000	20
609200	20
609400	20
609600	20
609800	20
610000	20
610200	20
610400	20
610600	20
610800	20
611000	20
611200	20
611400	20
611600	20
611800	20
612000	20
612200	20
612400	20
612600	20
612800	20
613000	20
613200	20
613400	21
613600	20
613800	20
614000	20
614200	20
614400	20
614600	20
614800	20
615000	20
615200	20
615400	20
615600	20
615800	20
616000	20
616200	20
616400	20
616600	19
616800	19
617000	19
617200	19
617400	19
617600	19
617800	19
618000	19
618200	19
618400	19
618600	19
618800	19
619000	19
619200	19
619400	19
619600	19
619800	19
620000	19
620200	19
620400	19
620600	19
620800	19
621000	19
621200	19
621400	19
621600	19
621800	19
622000	19
622200	19
622400	19
622600	19
622800	19
623000	19
623200	19
623400	19
623600	19
623800	19
624000	19
624200	19
624400	19
624600	19
624800	19
625000	20
625200	20
625400	20
625600	20
625800	20
626000	20
626200	20
626400	20
626600	20
626800	20
627000	20
627200	20
627400	20
627600	20
627800	20
628000	20
628200	20
628400	20
628600	20
628800	20
629000	21
629200	20
629400	20
629600	20
629800	20
630000	20
630200	20
630400	20
630600	20
630800	20
631000	20
631200	20
631400	20
631600	20
631800	20
632000	20
632200	20
632400	20
632600	20
632800	20
633000	20
633200	20
633400	20
633600	20
633800	20
634000	20
634200	20
634400	20
634600	20
634800	20
635000	20
635200	20
635400	20
635600	20
635800	20
636000	20
636200	20
636400	20
636600	20
636800	20
637000	20
637200	20
637400	20
637600	20
637800	20
638000	20
638200	20
638400	20
638600	20
638800	20
639000	20
639200	20
639400	20
639600	20
639800	20
640000	20
640200	20
640400	20
640600	20
640800	20
641000	20
641200	20
641400	19
641600	19
641800	19
642000	19
642200	19
642400	19
642600	19
642800	19
643000	19
643200	19
643400	19
643600	19
643800	19
644000	19
644200	19
644400	19
644600	19
644800	19
645000	19
645200	19
645400	19
645600	19
645800	20
646000	19
646200	19
646400	19
646600	19
646800	19
647000	19
647200	19
647400	19
647600	19
647800	19
648000	19
648200	19
648400	19
648600	19
648800	19
649000	19
649200	19
649400	19
649600	20
649800	20
650000	20
650200	20
650400	20
650600	20
650800	20
651000	20
651200	20
651400	20
651600	20
651800	20
652000	20
652200	20
652400	20
652600	20
652800	20
653000	20
653200	20
653400	20
653600	20
653800	20
654000	20
654200	20
654400	20
654600	20
654800	20
655000	20
655200	20
655400	20
655600	20
655800	20
656000	20
656200	20
656400	20
656600	20
656800	20
657000	20
657200	20
657400	20
657600	20
657800	20
658000	20
658200	20
658400	20
658600	20
658800	20
659000	20
659200	20
659400	20
659600	20
659800	20
660000	20
660200	20
660400	20
660600	20
660800	20
661000	20
661200	20
661400	20
661600	20
661800	20
662000	20
662200	20
662400	20
662600	20
662800	20
663000	20
663200	20
663400	20
663600	20
663800	20
664000	20
664200	20
664400	20
664600	20
664800	20
665000	20
665200	21
665400	20
665600	20
665800	20
666000	20
666200	20
666400	20
666600	20
666800	20
667000	20
667200	20
667400	20
667600	20
667800	20
668000	20
668200	20
668400	20
668600	20
668800	20
669000	20
669200	20
669400	20
669600	20
669800	20
670000	20
670200	20
670400	20
670600	20
670800	20
671000	20
671200	20
671400	20
671600	20
671800	20
672000	20
672200	20
672400	20
672600	20
672800	20
673000	20
673200	20
673400	20
673600	20
673800	20
674000	20
674200	20
674400	20
674600	20
674800	20
675000	20
675200	20
675400	20
675600	20
675800	20
676000	20
676200	20
676400	20
676600	20
676800	20
677000	20
677200	20
677400	20
677600	20
677800	20
678000	20
678200	20
678400	20
678600	20
678800	20
679000	20
679200	20
679400	20
679600	20
679800	20
680000	20
680200	20
680400	20
680600	20
680800	20
681000	20
681200	20
681400	20
681600	20
681800	20
682000	20
682200	20
682400	20
682600	20
682800	19
683000	19
683200	19
683400	19
683600	19
683800	19
684000	19
684200	19
684400	19
684600	19
684800	19
685000	19
685200	19
685400	19
685600	19
685800	19
686000	19
686200	19
686400	19
686600	19
686800	19
687000	19
687200	19
687400	19
687600	19
687800	19
688000	19
688200	19
688400	19
688600	19
688800	19
689000	19
689200	19
689400	19
689600	19
689800	19
690000	19
690200	19
690400	19
690600	19
690800	19
691000	19
691200	19
691400	19
691600	19
691800	19
692000	19
692200	19
692400	19
692600	19
692800	19
693000	19
693200	19
693400	19
693600	19
693800	19
694000	19
694200	19
694400	19
694600	19
694800	19
695000	19
695200	19
695400	19
695600	19
695800	19
696000	19
696200	19
696400	19
696600	19
696800	19
697000	19
697200	19
697400	19
697600	19
697800	19
698000	19
698200	20
698400	20
698600	20
698800	20
699000	20
699200	20
699400	19
699600	20
699800	20
700000	19
700200	20
700400	20
700600	20
700800	20
701000	20
701200	20
701400	20
701600	21
701800	20
702000	20
702200	20
702400	21
702600	20
702800	20
703000	21
703200	20
703400	20
703600	20
703800	20
704000	20
704200	20
704400	20
704600	20
704800	20
705000	20
705200	20
705400	20
705600	20
705800	20
706000	20
706200	20
706400	20
706600	20
706800	20
707000	20
707200	20
707400	20
707600	20
707800	20
708000	20
708200	20
708400	20
708600	20
708800	20
709000	20
709200	20
709400	20
709600	20
709800	20
710000	20
710200	20
710400	20
710600	20
710800	20
711000	20
711200	20
711400	20
711600	20
711800	20
712000	20
712200	20
712400	20
712600	20
712800	21
713000	20
713200	20
713400	21
713600	20
713800	20
714000	20
714200	20
714400	20
714600	20
714800	20
715000	20
715200	20
715400	20
715600	20
715800	20
716000	20
716200	20
716400	20
716600	20
716800	20
717000	20
717200	20
717400	20
717600	20
717800	20
718000	20
718200	20
718400	20
718600	20
718800	20
719000	20
719200	20
719400	20
719600	20
719800	20
720000	20
720200	20
720400	20
720600	20
720800	20
721000	20
721200	20
721400	20
721600	20
721800	20
722000	20
722200	20
722400	20
722600	20
722800	20
723000	20
723200	20
723400	20
723600	20
723800	20
724000	20
724200	20
724400	20
724600	20
724800	20
725000	21
725200	20
725400	20
725600	20
725800	20
726000	20
726200	20
726400	20
726600	20
726800	20
727000	20
727200	20
727400	20
727600	20
727800	20
728000	20
728200	20
728400	20
728600	20
728800	20
729000	21
729200	20
729400	20
729600	20
729800	20
730000	20
730200	20
730400	20
730600	20
730800	20
731000	20
731200	20
731400	20
731600	20
731800	20
732000	20
732200	20
732400	20
732600	20
732800	20
733000	20
733200	20
733400	20
733600	20
733800	20
734000	20
734200	20
734400	20
734600	20
734800	20
735000	20
735200	20
735400	20
735600	20
735800	20
736000	20
736200	20
736400	20
736600	20
736800	20
737000	20
737200	20
737400	20
737600	20
737800	20
738000	20
738200	20
738400	20
738600	20
738800	20
739000	20
739200	20
739400	20
739600	20
739800	20
740000	20
740200	20
740400	20
740600	20
740800	20
741000	20
741200	20
741400	20
741600	20
741800	20
742000	20
742200	20
742400	20
742600	20
742800	20
743000	20
743200	20
743400	20
743600	20
743800	20
744000	20
744200	20
744400	20
744600	20
744800	20
745000	20
745200	20
745400	20
745600	20
745800	21
746000	20
746200	20
746400	21
746600	20
746800	20
747000	20
747200	20
747400	20
747600	20
747800	20
748000	20
748200	20
748400	20
748600	20
748800	20
749000	20
749200	20
749400	20
749600	20
749800	20
750000	20
750200	20
750400	20
750600	20
750800	20
751000	20
751200	20
751400	20
751600	20
751800	20
752000	20
752200	20
752400	20
752600	20
752800	20
753000	20
753200	20
753400	20
753600	20
753800	20
754000	20
754200	20
754400	20
754600	20
754800	20
755000	21
755200	20
755400	20
755600	20
755800	20
756000	20
756200	20
756400	20
756600	20
756800	20
757000	20
757200	20
757400	20
757600	20
757800	20
758000	20
758200	20
758400	20
758600	20
758800	20
759000	20
759200	20
759400	20
759600	20
759800	20
760000	20
760200	20
760400	20
760600	20
760800	20
761000	20
761200	20
761400	20
761600	20
761800	20
762000	20
762200	20
762400	20
762600	20
762800	20
763000	20
763200	20
763400	20
763600	20
763800	20
764000	20
764200	20
764400	20
764600	20
764800	20
765000	20
765200	21
765400	21
765600	20
765800	20
766000	20
766200	20
766400	20
766600	20
766800	20
767000	20
767200	20
767400	20
767600	20
767800	20
768000	20
768200	20
768400	20
768600	20
768800	20
769000	20
769200	20
769400	20
769600	20
769800	20
770000	20
770200	20
770400	20
770600	20
770800	20
771000	20
771200	20
771400	20
771600	20
771800	20
772000	20
772200	20
772400	20
772600	20
772800	20
773000	20
773200	20
773400	20
773600	20
773800	20
774000	20
774200	20
774400	20
774600	20
774800	20
775000	20
775200	20
775400	20
775600	20
775800	20
776000	20
776200	20
776400	20
776600	20
776800	20
777000	20
777200	20
777400	20
777600	20
777800	20
778000	20
778200	20
778400	20
778600	20
778800	20
779000	20
779200	20
779400	20
779600	20
779800	20
780000	20
780200	20
780400	20
780600	20
780800	20
781000	20
781200	20
781400	20
781600	20
781800	20
782000	20
782200	20
782400	20
782600	20
782800	20
783000	20
783200	20
783400	20
783600	20
783800	20
784000	21
784200	20
784400	20
784600	20
784800	20
785000	20
785200	20
785400	20
785600	20
785800	20
786000	20
786200	20
786400	20
786600	20
786800	20
787000	20
787200	20
787400	20
787600	21
787800	20
788000	20
788200	20
788400	20
788600	20
788800	20
789000	20
789200	20
789400	20
789600	20
789800	21
790000	20
790200	20
790400	20
790600	20
790800	20
791000	20
791200	20
791400	20
791600	20
791800	20
792000	20
792200	20
792400	21
792600	20
792800	20
793000	20
793200	20
793400	20
793600	20
793800	20
794000	20
794200	20
794400	20
794600	20
794800	20
795000	20
795200	20
795400	20
795600	21
795800	20
796000	20
796200	20
796400	20
796600	20
796800	20
797000	20
797200	20
797400	20
797600	20
797800	20
798000	20
798200	21
798400	21
798600	21
798800	20
799000	20
799200	20
799400	20
799600	21
799800	21
800000	20
800200	25
800400	24
800600	24
800800	23
801000	23
801200	23
801400	23
801600	22
801800	22
802000	22
802200	22
802400	22
802600	22
802800	22
803000	22
803200	21
803400	21
803600	21
803800	21
804000	21
804200	21
804400	21
804600	21
804800	21
805000	21
805200	21
805400	21
805600	21
805800	21
806000	21
806200	20
806400	20
806600	20
806800	20
807000	20
807200	20
807400	20
807600	20
807800	20
808000	20
808200	20
808400	20
808600	20
808800	20
809000	20
809200	20
809400	20
809600	20
809800	20
810000	20
810200	20
810400	20
810600	20
810800	20
811000	20
811200	20
811400	20
811600	20
811800	20
812000	20
812200	20
812400	20
812600	21
812800	21
813000	21
813200	21
813400	22
813600	21
813800	21
814000	21
814200	21
814400	21
814600	21
814800	21
815000	21
815200	21
815400	21
815600	21
815800	21
816000	21
816200	21
816400	21
816600	21
816800	21
817000	21
817200	21
817400	21
817600	21
817800	21
818000	21
818200	21
818400	21
818600	21
818800	21
819000	21
819200	21
819400	21
819600	21
819800	21
820000	21
820200	21
820400	21
820600	21
820800	20
821000	20
821200	20
821400	21
821600	20
821800	20
822000	20
822200	20
822400	20
822600	20
822800	20
823000	20
823200	20
823400	20
823600	20
823800	20
824000	20
824200	20
824400	20
824600	20
824800	20
825000	22
825200	21
825400	21
825600	21
825800	21
826000	21
826200	21
826400	21
826600	21
826800	21
827000	21
827200	21
827400	21
827600	21
827800	21
828000	21
828200	21
828400	21
828600	21
828800	21
829000	22
829200	21
829400	21
829600	21
829800	21
830000	21
830200	21
830400	21
830600	21
830800	21
831000	21
831200	21
831400	21
831600	21
831800	21
832000	21
832200	21
832400	21
832600	21
832800	21
833000	21
833200	21
833400	21
833600	21
833800	21
834000	21
834200	21
834400	21
834600	21
834800	21
835000	21
835200	21
835400	21
835600	21
835800	21
836000	21
836200	21
836400	21
836600	21
836800	21
837000	21
837200	21
837400	21
837600	21
837800	21
838000	21
838200	21
838400	21
838600	21
838800	21
839000	21
839200	21
839400	21
839600	21
839800	21
840000	21
840200	21
840400	21
840600	21
840800	21
841000	21
841200	21
841400	20
841600	20
841800	20
842000	20
842200	20
842400	20
842600	20
842800	20
843000	20
843200	20
843400	20
843600	20
843800	20
844000	20
844200	20
844400	20
844600	20
844800	20
845000	20
845200	20
845400	20
845600	20
845800	20
846000	20
846200	20
846400	20
846600	20
846800	20
847000	20
847200	20
847400	20
847600	20
847800	20
848000	20
848200	20
848400	20
848600	20
848800	20
849000	20
849200	20
849400	20
849600	21
849800	21
850000	21
850200	21
850400	21
850600	21
850800	21
851000	21
851200	21
851400	21
851600	21
851800	21
852000	21
852200	21
852400	21
852600	21
852800	21
853000	21
853200	21
853400	21
853600	21
853800	21
854000	21
854200	21
854400	21
854600	21
854800	21
855000	21
855200	21
855400	21
855600	21
855800	21
856000	21
856200	21
856400	21
856600	21
856800	21
857000	21
857200	21
857400	21
857600	21
857800	21
858000	21
858200	21
858400	21
858600	21
858800	21
859000	21
859200	21
859400	21
859600	21
859800	21
860000	21
860200	21
860400	21
860600	21
860800	21
861000	21
861200	21
861400	21
861600	21
861800	21
862000	21
862200	21
862400	21
862600	21
862800	21
863000	21
863200	21
863400	21
863600	21
863800	21
864000	21
864200	21
864400	21
864600	21
864800	21
865000	21
865200	22
865400	21
865600	21
865800	21
866000	21
866200	21
866400	21
866600	21
866800	21
867000	21
867200	21
867400	21
867600	21
867800	21
868000	21
868200	21
868400	21
868600	21
868800	21
869000	21
869200	21
869400	21
869600	21
869800	21
870000	21
870200	21
870400	21
870600	21
870800	21
871000	21
871200	21
871400	21
871600	21
871800	21
872000	21
872200	21
872400	21
872600	21
872800	21
873000	21
873200	21
873400	21
873600	21
873800	21
874000	21
874200	21
874400	21
874600	21
874800	21
875000	21
875200	21
875400	21
875600	21
875800	21
876000	21
876200	21
876400	21
876600	21
876800	21
877000	21
877200	21
877400	21
877600	21
877800	21
878000	21
878200	21
878400	21
878600	22
878800	21
879000	21
879200	21
879400	21
879600	21
879800	21
880000	21
880200	21
880400	21
880600	21
880800	21
881000	21
881200	21
881400	21
881600	21
881800	21
882000	21
882200	21
882400	21
882600	21
882800	20
883000	20
883200	20
883400	20
883600	20
883800	20
884000	20
884200	20
884400	20
884600	20
884800	21
885000	20
885200	20
885400	20
885600	20
885800	20
886000	20
886200	20
886400	20
886600	20
886800	20
887000	20
887200	20
887400	20
887600	20
887800	20
888000	20
888200	20
888400	20
888600	20
888800	20
889000	20
889200	20
889400	20
889600	20
889800	20
890000	20
890200	20
890400	20
890600	20
890800	20
891000	20
891200	20
891400	20
891600	20
891800	20
892000	20
892200	20
892400	20
892600	20
892800	20
893000	20
893200	20
893400	20
893600	20
893800	20
894000	20
894200	20
894400	20
894600	21
894800	20
895000	20
895200	20
895400	20
895600	20
895800	20
896000	20
896200	20
896400	20
896600	20
896800	20
897000	20
897200	20
897400	20
897600	20
897800	20
898000	20
898200	21
898400	21
898600	21
898800	21
899000	21
899200	21
899400	20
899600	21
899800	21
900000	20
900200	25
900400	24
900600	24
900800	23
901000	23
901200	23
901400	23
901600	22
901800	22
902000	22
902200	22
902400	22
902600	22
902800	22
903000	22
903200	21
903400	21
903600	21
903800	21
904000	21
904200	21
904400	21
904600	21
904800	21
905000	21
905200	21
905400	21
905600	21
905800	21
906000	21
906200	20
906400	20
906600	20
906800	20
907000	20
907200	20
907400	20
907600	20
907800	20
908000	20
908200	20
908400	20
908600	20
908800	20
909000	20
909200	20
909400	20
909600	20
909800	20
910000	20
910200	20
910400	20
910600	20
910800	20
911000	20
911200	20
911400	20
911600	20
911800	20
912000	20
912200	20
912400	20
912600	21
912800	21
913000	21
913200	21
913400	22
913600	21
913800	21
914000	21
914200	21
914400	21
914600	21
914800	21
915000	21
915200	21
915400	21
915600	21
915800	21
916000	21
916200	21
916400	21
916600	21
916800	21
917000	21
917200	21
917400	21
917600	21
917800	21
918000	21
918200	21
918400	21
918600	21
918800	21
919000	21
919200	21
919400	21
919600	21
919800	21
920000	21
920200	21
920400	21
920600	21
920800	20
921000	20
921200	20
921400	20
921600	20
921800	20
922000	20
922200	20
922400	20
922600	20
922800	20
923000	20
923200	20
923400	20
923600	20
923800	20
924000	20
924200	20
924400	20
924600	20
924800	20
925000	21
925200	21
925400	21
925600	21
925800	21
926000	21
926200	21
926400	21
926600	21
926800	21
927000	21
927200	21
927400	21
927600	21
927800	21
928000	21
928200	21
928400	21
928600	21
928800	21
929000	22
929200	21
929400	21
929600	21
929800	21
930000	21
930200	21
930400	21
930600	21
930800	21
931000	21
931200	21
931400	21
931600	21
931800	21
932000	21
932200	21
932400	21
932600	21
932800	21
933000	21
933200	21
933400	21
933600	21
933800	21
934000	21
934200	21
934400	21
934600	21
934800	21
935000	21
935200	21
935400	21
935600	21
935800	21
936000	21
936200	21
936400	21
936600	21
936800	21
937000	21
937200	21
937400	21
937600	21
937800	21
938000	21
938200	21
938400	21
938600	21
938800	21
939000	21
939200	21
939400	21
939600	21
939800	21
940000	21
940200	21
940400	21
940600	21
940800	21
941000	21
941200	21
941400	20
941600	20
941800	20
942000	20
942200	20
942400	20
942600	20
942800	20
943000	20
943200	20
943400	20
943600	20
943800	20
944000	20
944200	20
944400	20
944600	20
944800	20
945000	20
945200	20
945400	20
945600	20
945800	20
946000	20
946200	20
946400	21
946600	20
946800	20
947000	20
947200	20
947400	20
947600	20
947800	20
948000	20
948200	20
948400	20
948600	20
948800	20
949000	20
949200	20
949400	20
949600	21
949800	21
950000	21
950200	21
950400	21
950600	21
950800	21
951000	21
951200	21
951400	21
951600	21
951800	21
952000	21
952200	21
952400	21
952600	21
952800	21
953000	21
953200	21
953400	21
953600	21
953800	21
954000	21
954200	21
954400	21
954600	21
954800	21
955000	21
955200	21
955400	21
955600	21
955800	21
956000	21
956200	21
956400	21
956600	21
956800	21
957000	21
957200	21
957400	21
957600	21
957800	21
958000	21
958200	21
958400	21
958600	21
958800	21
959000	21
959200	21
959400	21
959600	21
959800	21
960000	21
960200	21
960400	21
960600	21
960800	21
961000	21
961200	21
961400	21
961600	21
961800	21
962000	21
962200	21
962400	21
962600	21
962800	21
963000	21
963200	21
963400	21
963600	21
963800	21
964000	21
964200	21
964400	21
964600	21
964800	21
965000	21
965200	22
965400	21
965600	21
965800	21
966000	21
966200	21
966400	21
966600	21
966800	21
967000	21
967200	21
967400	21
967600	21
967800	21
968000	21
968200	21
968400	21
968600	21
968800	21
969000	21
969200	21
969400	21
969600	21
969800	21
970000	21
970200	21
970400	21
970600	21
970800	21
971000	21
971200	21
971400	21
971600	21
971800	21
972000	21
972200	21
972400	21
972600	21
972800	21
973000	21
973200	21
973400	21
973600	21
973800	21
974000	21
974200	21
974400	21
974600	21
974800	21
975000	21
975200	21
975400	21
975600	21
975800	21
976000	21
976200	21
976400	21
976600	21
976800	21
977000	21
977200	21
977400	21
977600	21
977800	21
978000	21
978200	21
978400	21
978600	21
978800	21
979000	21
979200	21
979400	21
979600	21
979800	21
980000	21
980200	21
980400	21
980600	21
980800	21
981000	21
981200	21
981400	21
981600	21
981800	21
982000	21
982200	21
982400	21
982600	21
982800	20
983000	20
983200	20
983400	20
983600	20
983800	20
984000	20
984200	20
984400	20
984600	20
984800	20
985000	20
985200	20
985400	20
985600	20
985800	20
986000	20
986200	20
986400	20
986600	20
986800	20
987000	20
987200	20
987400	20
987600	20
987800	20
988000	20
988200	20
988400	20
988600	20
988800	20
989000	20
989200	20
989400	20
989600	20
989800	20
990000	20
990200	20
990400	20
990600	20
990800	20
991000	20
991200	20
991400	20
991600	20
991800	20
992000	20
992200	20
992400	20
992600	20
992800	20
993000	20
993200	20
993400	20
993600	20
993800	20
994000	20
994200	20
994400	20
994600	20
994800	20
995000	20
995200	20
995400	20
995600	20
995800	20
996000	20
996200	20
996400	20
996600	20
996800	20
997000	20
997200	20
997400	20
997600	20
997800	20
998000	20
998200	21
998400	21
998600	21
998800	21
999000	21
999200	21
999400	20
999600	21
999800	21
1000000	20
